name of the data-without regularization: sine with k=50 for knn

     	    		  pretraining_epochs =200,
                          pretrain_lr = 0.0001,
                          training_epochs = 300,
                          finetune_lr = 0.0001,
                          batch_size = 50,
                          hidden_size = [250,100,20,10,2],  # 1st lay_unit: 4/3*input_size[400,100,20,3
                          corruption_da = [0.2,0.1, 0.1,0.1,.1,.2,.1],
                          drop = [0. ,0.3, 0.,0.0,0.,0.],

data= circle with r=1 and .9 sd(width) distribution  shape===(1000,200)





mean_error= [26.275679919853204, 52.438115734330729, 78.444381257903245, 105.45501240705501, 131.43513566307061, 158.61068379859532, 183.19483568024756, 210.02154912597163, 237.26152375317994, 26.591415438792339, 52.887917017984151, 78.615080611384499, 105.03972047614644, 131.79651484993164, 158.07995645080916, 183.63222519474596, 211.18578625135351, 237.31271614415579, 26.225954229212963, 52.958280423160254, 77.975722441881544, 104.9632106923123, 130.9211122702049, 157.35767386315408, 184.18694787237126, 210.37810762789607, 236.81531473230919, 26.128574102222409, 52.371771773126021, 79.615736401928586, 105.58188325472898, 131.48533692936209, 157.48102110878594, 184.47473062041419, 210.33995213431368, 236.52590026243584, 26.107000861924355, 52.611638471851641, 79.337380874228288, 105.69184916563613, 132.11842665084072, 158.00969313811987, 184.74582471574266, 210.18175680227699, 236.22280826513469, 26.3107626085324, 52.544766113127444, 79.26858136365955, 106.09008368454542, 130.84233007554269, 158.1310528675065, 184.13253492192635, 211.13112347744672, 237.10986353520502, 26.461793442134056, 52.823543528039444, 79.262298384160417, 105.96628667425804, 131.37966879188852, 158.49319708011222, 184.11038460636843, 210.44318958107567, 237.23104212320951, 26.043106304845871, 53.137228499332359, 79.506916501581259, 104.72201050311143, 131.05642025904706, 157.95317214776708, 184.38718187286364, 210.99201141727161, 236.80545250268111, 26.468263731011916, 52.44814021988342, 78.091886053864926, 105.00109156415375, 132.78307879777009, 157.66761986390432, 184.0355767962958, 211.44525802414836, 236.86749652153139, 26.253081723972116, 52.389031132406295, 78.135844959170768, 105.77669079289743, 131.46724805920059, 158.0411270725802, 183.85054976243143, 209.80796903172345, 236.76319899776601, 26.254907855960258, 52.930678502288345, 79.195554032453018, 105.31156322267464, 131.67336958138969, 157.89961351396494, 184.59935620228171, 210.26697044997718, 237.02088627039757, 26.837387024260032, 53.237658396261637, 78.9194315827758, 105.58701795564342, 132.1526387879845, 157.83688060569943, 184.72309624166763, 210.92396811360314, 236.77168502102438, 26.428192704577235, 52.75336180938919, 78.59309327771112, 104.80672209365643, 131.73717487122994, 157.73958260755825, 184.30419707142224, 210.84115080024179, 237.1946930979156, 26.849900075110678, 52.514979157108939, 79.062344981744559, 105.29376992095116, 130.8918025341234, 158.45101582505163, 184.65701919331971, 210.52039807928134, 237.18467179264309, 26.195787763230175, 53.209855494696384, 79.473644688695003, 106.1898430160048, 131.5039596209968, 157.83034753144614, 184.86036352429988, 211.21730602679983, 236.16316583943632, 26.83198300195156, 52.617847243645329, 78.054667452058382, 105.57623051586063, 131.71956673840501, 157.52056575767725, 184.25134637687336, 210.67972582534941, 237.10661163874946, 26.905217769666777, 51.812265295124675, 79.290475698595316, 104.95657583009725, 131.47211358719454, 157.91806030666291, 184.24551938169014, 210.60950158919408, 237.33952752653713, 26.283496800810642, 53.083725320692565, 78.534146256890295, 104.71773042544449, 131.24864403697225, 157.60511875623982, 183.61897832292419, 210.5601310677734, 237.37566887221905, 26.481710382364945, 52.120582746023011, 78.824528557179377, 105.58627388975572, 131.75089275426109, 158.29622471973673, 184.22990095042036, 211.23091982376582, 236.76995557411823, 26.726602016205639, 52.222013651558719, 80.181435098032239, 104.89994289107771, 131.52926251422178, 157.60061370562428, 184.29689525977557, 210.47955272419915, 236.46217616608027, 26.275957370933089, 52.623471581672057, 79.687923241529205, 104.96370982279201, 131.7079998342908, 158.49649453869685, 183.78852296333528, 210.74108673136729, 236.93261473518714, 25.935413872582359, 52.682816445569657, 78.327065412140541, 105.37988874233962, 131.04041371044224, 157.17168828893114, 184.38510650303479, 210.7024497249509, 237.32776189834505, 26.502598540212631, 52.399067115126634, 79.468183227291306, 105.1890462233425, 131.54551985554176, 157.40971531331348, 184.53733189503021, 210.89002873406881, 236.49495067498194, 26.50002608340278, 53.024264886390924, 78.977698513405429, 105.75416642421311, 131.53905135090216, 158.85013513861452, 184.46274759448715, 210.76680018413199, 237.29498727645998, 25.759415398645746, 52.698768839428801, 78.768985097202233, 105.0558134737296, 131.72515104637003, 158.04637807948561, 183.82748874358236, 210.39877354879997, 237.4092409308787, 26.565642831023645, 53.213740064379763, 79.302041250901752, 104.70182402165871, 131.67851708181564, 158.23513581954671, 184.32820242332699, 210.71549967336247, 237.43496521759445, 26.073736625924457, 52.789129934176216, 78.174315179355972, 103.94969100511018, 131.48466760364877, 158.72986917617456, 184.95129218467807, 210.98700740265085, 237.29022384506504, 26.197589447927236, 52.272424783726571, 79.046796941153374, 105.38546902205626, 131.84825621291793, 157.71695705222152, 184.90625989144559, 211.15847951722446, 237.3218342888411, 26.394002924210202, 53.114541903004309, 79.755441299318363, 104.76945596831668, 131.54360551246063, 157.9796350673858, 184.34368006393464, 210.94282639906871, 236.7312008012147, 26.258663800621697, 52.169360644020244, 78.719388920694385, 105.45151271329156, 132.7720846675312, 157.69389285013017, 184.71023681206987, 210.43253253467071, 236.97963478432584, 26.554348785574767, 53.363696870333925, 78.321802769162574, 105.10915445196213, 132.18376898996254, 158.33249045425134, 184.88710221120743, 211.16465610698913, 237.33785929380585, 25.819583468199461, 52.761918011513728, 78.918312811995278, 104.91376210785921, 131.5126322633694, 158.36444016135673, 183.92988803360385, 210.91669367461733, 237.30071604325909, 26.462327842829531, 52.082061667725256, 79.113448087149578, 105.07619118124471, 131.28800896911463, 158.16475932313995, 183.93852057861145, 211.00964489232061, 237.44823564209517, 26.228373235748549, 52.950238959040711, 78.853141033503292, 104.92492737220685, 131.46003516248771, 158.10843118708522, 184.83400679582687, 210.74236858318341, 236.89249815361063, 26.594385977543947, 52.517666677235177, 78.869421899160685, 105.66154846706654, 131.41569081628009, 158.32773685600196, 183.90808507842115, 210.89076240092655, 236.29487828133361, 25.879205904829142, 52.141703801286063, 78.651283007928726, 104.80107261356289, 131.22638171153062, 158.26796001123662, 184.61730689505933, 210.14130340276981, 236.39998693586134, 26.420582068260458, 53.198575482680518, 79.035007502050306, 104.4977556784732, 131.66852710131428, 157.94025095714321, 184.26151852663449, 211.00510107168421, 236.55553103192139, 26.072696559767337, 52.816221253595629, 79.824795664206661, 105.78797297549735, 131.47622582524707, 158.14831166440669, 184.17506659998739, 210.5105586372984, 236.97003882672445, 26.223879463563797, 52.382854156483077, 78.726248972745651, 105.19773291376718, 130.87674615310544, 159.33426633358224, 184.20439768566561, 210.38772746917638, 237.16529957568147, 26.255569235260722, 52.914777531449118, 79.506993823432879, 105.3526701284607, 131.66739445150571, 158.17880751197043, 182.92186763223728, 209.90306690413635, 236.82694398201718, 25.986212551796832, 52.032737562992352, 77.93955012729505, 105.40576790463903, 132.13788797020914, 157.79428466310085, 184.8872168509136, 210.9871793875038, 236.73865478502597, 26.392557451865549, 52.769840860001089, 78.108942893183411, 104.22309330364072, 131.54857220358809, 157.79612515761886, 183.99280205235334, 210.59894277795021, 236.58604522411008, 25.787298012538145, 52.894785102848353, 79.154379988823933, 105.87061279273114, 131.91924242547569, 157.93317581422451, 184.06013173372207, 210.24090469220508, 237.2412491581745, 26.449289338718796, 52.537016514447998, 79.593785525904977, 105.15504216942509, 131.47665438556012, 158.5895136950511, 184.4739157570601, 210.58135625687603, 237.16092457300354, 26.289007854659729, 52.481966565934215, 79.104481151565992, 105.71226384559178, 132.69122505839763, 158.82266838144696, 184.95264519274747, 210.64397031163628, 237.33987884679132, 26.459035024881171, 52.756378303442503, 79.447489147244951, 104.98850496979506, 132.28650262372992, 157.55358833997371, 184.15084986690565, 210.49701567634179, 236.81797807850378, 26.235896028272233, 52.435048775171033, 79.667524094255668, 104.93421373630039, 132.20907277329815, 158.05192468610278, 184.77275207422778, 210.62005575696693, 237.16361767538731, 26.563388926082268, 52.677285043245298, 78.52554886619231, 105.42247565068534, 131.70762002287535, 158.43396070131067, 183.89432446206379, 210.95470164522911, 237.25403738626036, 26.165544686223367, 53.057249587938585, 79.38468657659574, 105.35848524373924, 131.25942527700803, 157.35708937195952, 184.58947008349398, 210.34683280657862, 236.55322896784759, 26.314206637064061, 52.538788784192441, 78.621253877495604, 105.76690441744486, 131.04568480478116, 157.25674343923112, 184.68712970756312, 210.97864253858322, 237.52210003109212]

sda_error= [16.535516485122407, 33.019959342296772, 49.998668442949999, 67.359760750519911, 83.912463252224882, 102.36278032787739, 120.6509849637885, 141.94904321616684, 168.9378188374979, 17.375437744452675, 34.049012210600935, 49.942611529415842, 67.344145292777498, 85.558520845454098, 102.33446754921104, 120.94079256252066, 141.3264811749238, 165.53388883387277, 16.661827138741806, 33.821461880558275, 49.218979561579197, 67.028817408115572, 85.004830617783099, 102.63159098755017, 120.9345326839685, 139.5914780374533, 165.82687304998882, 16.407846897981639, 32.284386164890087, 50.49048218964812, 67.122268029542198, 85.823451864532842, 129.03027781124584, 121.68771110424831, 140.07632255459518, 166.04730776289347, 15.736526558871963, 34.022416110518314, 50.63802575196987, 68.084131228441763, 84.528703629841715, 103.3276180404451, 121.11215128446005, 138.6686001927041, 166.43609316825248, 16.30348644330936, 33.147770729966382, 49.615384305268947, 68.574577753248207, 84.954533696177563, 102.95718022829747, 121.62655865625482, 139.75431588507723, 201.92130671149749, 16.097282729117584, 41.742072266841014, 51.546466195770407, 68.743969612455473, 84.265127500321071, 102.57638770551135, 119.62941343938051, 138.7542321113109, 170.96232048640914, 16.589839616021138, 34.106508142339514, 50.671316181671067, 66.79558842772154, 107.41170660071045, 100.90679115842821, 120.46437114306441, 139.76903443531305, 167.10522318269551, 16.767226404231359, 33.641828691410929, 50.677425112028274, 67.687263332892414, 86.724871370868257, 102.34958230615074, 120.90336066461994, 139.99078410703183, 163.8695324220833, 16.972231496385717, 33.133928988359067, 50.503330260796758, 69.195233682645465, 84.053968833495276, 101.49763967718751, 119.28691925164122, 139.43572277172797, 165.79638747997694, 16.78041228367114, 34.56959459164748, 50.948897571653724, 68.154342850022744, 86.147278063856959, 101.93429870073039, 120.51031230140161, 138.51339224942654, 166.01295169211772, 16.634889314309262, 33.89793156227779, 51.445590830669374, 66.952416842863371, 85.160791233110345, 128.56610816356888, 119.57080946587853, 138.86200855319368, 166.26347408881404, 17.078231903939283, 32.924946562402347, 50.284264235503215, 69.148975208958433, 84.428809481557224, 102.5009522763423, 120.82692725427358, 138.28863825896346, 168.54508822806488, 16.29388994240162, 33.789055301731004, 49.828458196503583, 67.64735662216863, 86.478161701170464, 103.36445087918753, 119.54347378783669, 141.81123660293849, 164.723053300667, 17.454741573835516, 33.828825596263869, 68.31965753390233, 68.320992955905666, 83.300317805143678, 102.82739003508867, 120.65501968132723, 141.06403377238522, 166.24172650573371, 16.529600664416208, 34.078402184514431, 50.151282202771824, 67.882745174834966, 84.656898475642535, 101.53687757108905, 120.52142800562557, 138.5816396039132, 165.95905599038753, 17.429017664331628, 34.00106821756868, 52.015034638275765, 83.95085212026828, 84.064173325008312, 103.22389812777875, 121.41738791087701, 141.78026113184092, 170.85042164274674, 16.985840918468416, 34.826737483248095, 49.841926171993336, 68.343105365229917, 84.749231779305177, 103.22359532816357, 118.86332611362076, 138.75300442622546, 166.5320029995712, 16.732919829180847, 33.302820809457813, 50.334278773779843, 67.733820655647776, 83.706875676288874, 101.93559488514366, 119.60332129644092, 142.47951722233512, 167.65207791426016, 17.109025195831933, 33.6264917640829, 51.6982001178716, 66.616098385288836, 84.933375248084673, 102.1728214795201, 119.59345664628655, 140.18086468273356, 166.53257027945034, 16.816592252559349, 33.959795626891569, 50.253628381279462, 67.860279366020919, 84.064966454429353, 102.77135844900185, 119.99250125313546, 140.57614218260306, 201.98883384698172, 17.263020850946795, 33.659625324036618, 50.182542585774506, 68.446393968667479, 84.401583669449138, 102.15487439663008, 121.54950615926933, 139.32550651087112, 167.32027690351563, 16.579961244895447, 33.743384263643797, 49.567841428675301, 68.084068633211942, 84.692669912805655, 101.68885752035993, 121.42703479111378, 141.39386649833887, 165.7243892167053, 17.173429768254422, 33.85701518735722, 51.659387290617431, 68.009682621701785, 85.242258742500994, 103.11199359683735, 122.1219672132522, 141.45276619021945, 163.80649090442333, 15.97585377452571, 32.882204795603755, 50.913841879542844, 67.787266168653744, 84.772686518290556, 101.33183562842669, 120.28394020687017, 139.17623706368303, 170.13177828585219, 16.728227755671856, 34.009015711251948, 49.784381137036327, 66.702577952867387, 85.862620440645102, 102.51088905410677, 120.15036817036624, 140.48465465094816, 164.79357272162116, 17.044239654709212, 33.414104706078682, 50.230249812988951, 67.158343640701517, 83.951156993124016, 102.5130061503141, 121.30086312050014, 180.27754145724958, 168.18550439134532, 16.46147571481589, 33.724303912844036, 51.421739988571296, 85.761672643767795, 84.335130803429678, 102.45226715916807, 121.38518122024566, 139.79729564825476, 166.43927439121362, 17.221401463248991, 33.246699489013935, 51.152991514353197, 67.342150506623952, 83.699110990308, 102.96120948659585, 120.9528027070167, 139.71203415153707, 167.42805539720112, 16.626443989011019, 32.919607745587633, 51.418165392488902, 68.04117138522308, 86.01459271494042, 102.32043657702637, 120.99786546767115, 182.49222772279646, 164.77015398397285, 16.563005856021501, 34.788246075888026, 49.605750641003652, 67.293246651031879, 86.062319753450495, 102.69138173157548, 121.43243001017235, 141.27763342042587, 167.95861703785786, 16.559347180928604, 33.377591155561319, 51.599962045022309, 67.618430988051585, 84.724174451799215, 103.21202296704803, 120.11410551585973, 139.76730679355825, 167.48767178308893, 16.858723896168566, 33.7913798832097, 50.111799894119805, 68.199444138144258, 84.664631894249311, 102.00833238758331, 121.38901068587417, 139.80999279161398, 169.2904314866613, 15.701407095893005, 33.619645306652558, 50.357851427129198, 68.097304349571345, 84.832055847993274, 101.6959900887814, 119.14059509010785, 139.37642010588112, 166.29238442794238, 17.12340708338867, 32.980623449717648, 49.469341049235915, 68.377719252996158, 111.71897485218356, 102.66081320052548, 120.92956854758837, 140.98562340007885, 166.87304604532653, 16.326224328086713, 33.418980237841524, 50.313141589329774, 69.128591941909974, 85.547747965129133, 132.49148575076572, 120.28454154574989, 140.07918313466374, 168.25058440106085, 16.899603025986163, 33.394070587295936, 50.564267756220922, 66.81224578849023, 84.887678567721437, 104.13206618027313, 119.86403760099167, 138.14307421154066, 165.32127869311088, 16.434625566691352, 33.373968880233562, 51.3409509491661, 68.498840892485035, 83.683289742832969, 101.64083514707188, 120.67354529156292, 138.92839502745917, 167.91509236350356, 16.299959314993995, 33.46738668344512, 52.046194240045423, 68.239735123511153, 85.597204001855062, 102.15939150056984, 121.96330246017602, 171.47844085544503, 168.51986604106042, 16.899497874239906, 34.572641821218511, 51.180829033314751, 67.211296126115812, 85.50785426116181, 101.43541170562224, 120.6752325833734, 140.45300442736252, 165.64548148430859, 16.454112321469992, 34.107775368031334, 50.318981225086624, 66.865081413514574, 84.800610753417928, 101.8544604165899, 121.3995176781817, 140.53705070207931, 169.09067643519506, 16.780806991196329, 33.700326467834842, 49.577526685860306, 66.604149169789295, 84.814401787203963, 101.72053979736626, 120.33936611246463, 140.74556210666057, 165.94929361427538, 16.885655468590713, 33.748205443977184, 50.641609596874005, 67.882236565054058, 107.74094290131796, 132.11546924796559, 120.19627729704077, 140.08165190512563, 168.55977622312238, 17.003590445132101, 42.098494706214915, 51.844416859502878, 67.131294099162929, 84.517799816841872, 102.41530596074746, 157.78294454990208, 141.33886275161854, 168.27997563553063, 16.655100794715601, 34.143404550460076, 50.753369897101081, 67.651949184623575, 85.684904434273861, 102.31510396445682, 120.2704555179962, 140.50134713766201, 165.31341671031964, 16.788226986892308, 33.949914548818995, 52.364568723502892, 66.70425442895916, 84.977428514859497, 132.07991376534014, 121.45049831804928, 140.11864331747938, 167.24142329090384, 16.721334192544589, 34.202449043261716, 52.37679112759313, 67.416783960261412, 86.309164277194526, 101.51601733039927, 119.4126121480171, 138.98107519639524, 168.5730597920703, 17.969324180670402, 33.787703493876926, 49.641191733700772, 68.614508091128911, 87.071605064397389, 102.85080367055653, 119.66281304402202, 139.12012202043579, 165.16300697783842, 16.391287106561254, 44.727018063262797, 50.469757289331049, 68.706417120080474, 85.315279387021405, 102.31479500445339, 119.84960861081838, 140.76073456862372, 165.66971785117255, 16.743521692830537, 33.740302527747843, 50.563833069071478, 68.474333434300576, 84.378926240671078, 102.2844047183864, 120.30677541945599, 186.13003656994152, 166.41301392093101]

knn_error= [16.911517931603836, 33.254175261249756, 51.13149194864215, 68.651126721035055, 86.784141292181914, 106.47112888733623, 129.5297678062887, 164.76328366288399, 220.49953189967349, 17.704827026146368, 34.712350501410562, 50.789368957817913, 68.659477605530185, 87.108095836673996, 106.20165936694079, 129.20732583284226, 165.54158360024653, 218.56554661850757, 16.994939661410978, 34.539560010549529, 49.89414563610115, 68.326030924289384, 86.909815218613687, 106.46944902130171, 131.47168260783258, 161.42960856491462, 220.44255619067451, 16.478210157363332, 33.141078510245727, 51.137513444805492, 68.518558308503813, 88.221869786193039, 106.48286841886441, 129.94499233682919, 169.0402158844216, 218.49226558206868, 16.155264960096648, 34.547428859416904, 51.80169587885176, 69.59378069017032, 87.047389928150764, 107.12637505164007, 129.93161273518382, 164.85126487458251, 219.81183152211591, 16.641038028300514, 33.663945827036002, 50.90224456696189, 70.733755949800397, 87.418444472825527, 106.60027905182596, 130.74387970509395, 165.90277388062529, 219.16060849410621, 16.496179509194793, 33.585783879265001, 52.662251933955041, 70.183580285114289, 86.745956268889245, 106.89872713668187, 129.61618405523393, 164.58612579152683, 221.0624191230624, 16.769548654718836, 34.813929472231031, 51.767067506145629, 68.424868738556128, 87.521568148688075, 105.78240201916994, 129.18775392589211, 166.89945578862864, 218.5180575137714, 17.070430390722375, 34.110256488565682, 52.102581939020155, 69.41497990421766, 88.222635388063864, 105.84604369941717, 130.16201607037007, 169.01611513469246, 219.98351120568037, 17.121117801792863, 33.778666205459963, 51.464502549394368, 71.039608270683118, 86.764467416225159, 106.36279918161733, 128.35202207252144, 165.32070276829015, 218.06567110402372, 17.060933162549603, 35.007350865867608, 52.042738029470911, 69.440417447366201, 88.221161118971906, 106.23559590718246, 128.3379150881787, 164.16703132333063, 217.98630380761696, 16.977534288473006, 34.814041699803639, 52.403894516081664, 68.334977025593702, 87.449281027526737, 106.87618491448102, 130.60183429558612, 162.50487845862753, 216.06979960444548, 17.345495309863797, 33.547535053105889, 51.422832173311399, 70.63190115501969, 87.245925903607656, 106.49771018699285, 128.53953123019701, 167.08086167275127, 220.7034976966595, 16.552084419969773, 34.395434815282272, 51.160905553851151, 69.542560606434421, 87.881282138549437, 107.34592665907205, 129.0296543003472, 167.92691929898061, 218.89687248283869, 17.703239912918608, 34.39087691358705, 53.212628420658348, 70.240800035177472, 86.434543591622926, 107.07571310290965, 129.0771812677342, 167.7340948417999, 215.06665719295933, 16.795417017177421, 34.442021253925986, 50.92173658049127, 69.648402291238796, 87.652723186173446, 106.17027000666617, 129.59437724981683, 164.70672100214273, 219.67190013337179, 17.85640240680813, 34.292190001467766, 53.13126460507636, 68.269441447997778, 86.231672587370326, 107.00371226585871, 130.36335129524937, 169.44278401922034, 222.66018543382103, 17.233440617620705, 35.260001019349673, 50.587864422127886, 69.236552080133336, 86.319236545129684, 106.43787564087283, 128.43859455055764, 164.71440877189301, 216.79629156531021, 16.896919190219123, 33.896729203536182, 51.011031622898173, 69.346478997781389, 85.81925562412944, 105.27458773342551, 129.82696935202853, 168.83909364828244, 221.53030443171417, 17.400136051151886, 34.417841623796228, 52.703328342143877, 68.419454376987332, 86.646735083208512, 106.58439086038254, 129.02895375055482, 164.65154654671059, 215.58056998495647, 17.071822036878352, 34.659026164638483, 51.457845500997863, 69.443651557173609, 86.703307174708243, 105.8026139555552, 128.35536288365395, 168.90748497862052, 219.76526845016494, 17.435625043547301, 34.154431129349412, 50.556396986785465, 69.549216644538191, 86.473115180604069, 105.9635404697904, 130.79752044692924, 168.42291665882601, 219.47739862463794, 16.798833161557067, 34.301960183644596, 50.64648627618331, 70.120894617178408, 86.492175637607019, 106.5960030400941, 129.97458238483466, 169.88560234411895, 215.25480256579513, 17.67845283126525, 34.325433843469739, 52.058709282597938, 68.79742617393083, 87.350532620847119, 107.85875054505763, 131.5935419576852, 165.61538692831232, 216.06868882554059, 16.071255136968016, 33.55123619906167, 51.809259437206862, 69.353326039512595, 87.401855642356054, 104.19068415635553, 128.9341497134688, 169.04788947755958, 220.07037652460781, 17.030015955904076, 34.742259638821253, 50.594643966896093, 68.155654329676054, 87.931848930165501, 106.21155829591982, 129.95474469106756, 166.55006565060444, 218.89381320861909, 17.255862830880275, 34.061163630490263, 51.07807698639968, 68.336173197844204, 86.820939112142739, 107.08516204559473, 131.17422825141705, 163.33190954865483, 221.13001305612946, 16.721208959098913, 34.509763340247048, 52.628151070208624, 69.121446750853778, 86.490845313108537, 106.27388977840452, 129.67810396812877, 165.63136433983939, 219.06108761921703, 17.52566525905074, 33.88381305178671, 51.942642012644143, 68.605640637588508, 85.696400968097564, 106.66469568112271, 129.41676607219671, 168.08597705447909, 218.04957928560501, 17.070165583252621, 33.499059343103397, 51.98903376192844, 70.063879964404038, 88.750353689550934, 107.22457152823648, 129.39114228598118, 163.72966093018459, 218.84047218352003, 16.971741648514076, 35.467727641830145, 50.442933723688164, 68.683054779886206, 88.247674122161413, 106.58361276113509, 130.21386704208874, 166.97028419287454, 218.90918532765912, 16.624449730843917, 34.044994640712233, 52.167868266925723, 69.120908126665924, 87.336396358970845, 106.94365342503417, 129.65427313066314, 167.95136830333692, 222.81825320051701, 17.117772603976615, 34.436610181134604, 51.312168157827109, 69.917373625442238, 87.219481286819828, 106.53430040249599, 131.80025459295643, 164.28985479007696, 219.24593147548092, 16.137798651951829, 34.182914232992992, 51.324341246125513, 69.00780375849547, 86.912122002569319, 105.99626547122598, 129.42462485344748, 163.16872609149695, 220.24105953170553, 17.3525916354122, 33.583957733763874, 50.46073582064799, 69.8877831780283, 86.929172589158625, 107.37394819494062, 130.2603649727937, 168.98351169304965, 214.8972096250466, 16.576151501430843, 33.980930933645659, 51.324241761777579, 70.412275715381881, 87.523817314880162, 105.67160230636699, 130.16763303674136, 163.12100985448131, 216.78236647025159, 16.961868189241851, 34.108327168251378, 51.758442664077464, 68.039641360904099, 86.827896382957093, 107.5589036966943, 128.61262066097765, 169.90536160088189, 219.87301021019056, 16.748889017061902, 33.889201551018068, 52.404071066264478, 69.4714048887042, 85.411595861013652, 106.06894717267802, 131.77642309463377, 167.40117721478538, 219.49639846266967, 16.621848583476805, 34.02467418641173, 52.900591817817023, 69.334895501809299, 87.82083265045614, 106.26205075391303, 128.68761563295314, 165.10688798819115, 218.81818787600525, 17.229868282287285, 35.149347715230398, 52.187725126376407, 68.706061062308962, 88.158842230936969, 105.21732397146181, 128.68863144058653, 166.32718207538124, 219.71335822937712, 16.684879624791709, 34.444349507971381, 50.745917183053372, 68.113517936547865, 86.336875214527353, 105.99747971331374, 130.92119979590956, 165.41340248854198, 220.45979342103004, 17.047024612097374, 34.461477001506339, 50.366430728456997, 67.669249188873252, 86.845266209453598, 106.3813080985355, 129.86377677421893, 167.51961483095559, 216.6986356167977, 17.164449699916332, 34.281180658976901, 51.058999710470523, 69.749948213223064, 87.059622537149039, 107.1273450762681, 128.54454843130671, 164.73026155074172, 219.23325712386642, 17.376741152771579, 33.753242618192104, 52.978191106982152, 69.051357655061452, 87.038793365052513, 106.67221653990684, 129.44352769149685, 167.84513151916715, 220.0804350395004, 16.883606063867195, 34.643682743321435, 51.481342404450942, 69.487316293768302, 87.815788039085731, 105.72986311492576, 129.41368783155554, 168.35991280737443, 218.36934805267512, 17.19680374343023, 34.81558264209724, 53.051203665102939, 68.318851435348009, 86.500421382857127, 105.12142878189063, 129.96981891390112, 167.34501125433269, 217.73011057749281, 17.087998529880011, 35.016174210678052, 53.102731441608483, 68.858011416248175, 88.775147287727378, 105.16599733762658, 128.91926088574522, 162.86954365369004, 220.47552883310857, 18.313054846361251, 34.434603019847806, 50.692875739426746, 69.44642470603236, 88.865816601910907, 107.4973823141251, 128.14303383483625, 167.37243295145444, 217.75231779920287, 16.722241650334706, 34.606684842774648, 51.561830373669572, 70.621096551440573, 87.908206095760434, 105.57820033915388, 129.57213388803638, 167.78854169153587, 216.86859830975911, 17.241393391553597, 34.367939112547504, 51.444679007923838, 69.233490374981557, 86.726956889562601, 105.92643828224183, 128.29342575022355, 168.4811974425694, 218.67140752349457]

sda2_error= [26.63959134557803, 51.006905318573892, 64.760975897402645, 104.55580480853911, 131.47430084388776, 157.20814058284597, 184.47057271320807, 210.97472282049029, 240.20416303998442, 26.931948906815723, 33.791300557050327, 65.342761009718004, 104.54579103326698, 131.38166168561159, 157.65201679725962, 183.74550869343156, 210.40095737549316, 239.48242410620486, 25.897702393736317, 52.56469372773234, 75.792003880932612, 86.963139102101337, 130.45337812713399, 131.33807814414126, 184.71439574524433, 207.55692079065898, 239.31694656823717, 20.828785244674133, 51.242350700218395, 78.676202347214655, 66.356474584184184, 133.01536194401643, 158.50880897291611, 185.6006954095015, 213.76661909292773, 239.55551311266339, 25.499444243146101, 45.72666020984628, 78.489547009981322, 87.665428116311631, 115.98330683136035, 158.05571152205476, 186.08382579585111, 210.26266489021472, 237.5826249689764, 26.188693894882505, 52.32925853844965, 63.911447560552268, 89.588261348426528, 112.20544130596915, 158.61709273416895, 185.53093585064883, 213.14464882361807, 241.09438098987232, 16.010779125853563, 52.864216390462737, 71.408554731639384, 91.980040687134348, 131.07663678751848, 159.39789069328847, 183.48253073309593, 212.05200662032351, 238.84327516177171, 25.898260580589469, 45.682810833037713, 79.953102360015478, 102.59779498163107, 132.00486561294494, 138.19427883535184, 184.90656540588208, 211.3359443687371, 238.52041474822531, 25.71498329555055, 51.660068830191079, 79.689277612542824, 67.439709792299695, 132.81838491798607, 156.07634936664144, 184.16033413141679, 212.09730604852794, 239.3613328247522, 25.787145742669964, 51.706112415213447, 78.062655304265775, 106.91081984013985, 130.05362578408278, 157.95753241713228, 182.80910204035362, 210.48870954956203, 239.36454515783555, 25.721053900745957, 53.096733291411908, 50.638031108934811, 90.99200667901988, 132.49241518401365, 156.55860936359656, 184.44138033826925, 211.37033543240082, 239.98094204265374, 25.715510244609831, 52.810673482863869, 80.022144301149225, 104.02893613844935, 132.62729319886736, 158.07704085661521, 185.64206681425418, 210.82925476831537, 239.34884037244464, 26.719167649051151, 45.510108170363907, 78.955177415620994, 106.96388485667826, 115.87235569208141, 158.55955624748978, 155.0336432493996, 210.70662191886936, 238.91769834376092, 20.801272002555837, 52.375164202441425, 77.565603600329609, 106.23969347727649, 131.42916833610428, 159.92243072328623, 185.00147561987745, 213.27364705545708, 239.65864962245232, 26.926475108817726, 53.135770714481815, 80.538966356844142, 106.86497557566669, 131.14844543815187, 158.27312182988888, 184.163827940852, 212.47482411438671, 238.2565761427596, 26.477135678025089, 52.462311696817252, 79.36252796322853, 104.76568690985837, 132.53961049262088, 158.55857362142112, 184.32379531742308, 184.14979718194661, 241.08578600180152, 22.614321411906332, 43.038107977632009, 80.055884598286625, 90.801316386833747, 109.29572899254285, 139.13911736268128, 185.22331279676735, 213.79620053899947, 242.00343037152001, 26.555448304340043, 53.271440942534944, 77.53048701567576, 104.90454064439304, 130.85271676737352, 158.21720328811548, 183.72731071228316, 211.16626994741478, 239.33008956296325, 26.01726387161214, 51.64748151753318, 78.431882729222821, 105.14553023096863, 129.26722501688275, 157.24462680494926, 162.99240474970767, 212.52443755652814, 240.79684117937316, 26.671578198970096, 44.687224102628058, 80.542995261034307, 104.42143928794323, 112.30669019213714, 157.17418835149684, 155.05228823632572, 210.63915408279871, 238.4714735129437, 21.792088926601892, 52.081130752242153, 78.356660904665134, 86.883875440659281, 131.26581329321976, 156.19664151778113, 183.05188802018495, 213.4518832301099, 241.0667368220754, 26.085260173719917, 52.710661953288565, 77.126313453884634, 91.058585054626604, 129.56299034066743, 134.17674159367351, 184.82313553340919, 212.62667945201284, 240.52199353901528, 25.864755463854266, 53.064697641015918, 78.25031594509656, 106.18074414871394, 131.3146295514949, 159.8475239262159, 185.17667045389027, 213.19140009216193, 238.74939113297711, 23.13620535464764, 52.429085808768122, 78.196747671920832, 105.76588023389357, 131.28481020773347, 159.46487167753213, 186.06770749245115, 213.71868290949493, 238.75430937096056, 21.459440828699897, 45.143635299261675, 79.012078959898886, 89.818351333843054, 132.14605777505503, 131.36170998630448, 184.13277303187954, 211.7305871345331, 238.815870280284, 26.245104701461216, 53.652881449821834, 49.362847014829775, 104.44585302527173, 133.21550261714071, 157.05882367971608, 184.21165366646062, 210.20563902182542, 239.64794025661547, 26.755811410756404, 51.870877166236951, 77.658529942634487, 102.95471741486082, 131.13111732767931, 159.78320953451632, 186.8365713737503, 210.67542852998471, 241.03064489880694, 25.565792874657578, 43.468633307385588, 80.359811919460739, 105.00500558660508, 130.62059119521328, 157.58874470408139, 184.14587108044165, 212.16801367631385, 239.01314152151636, 26.423952958868885, 52.300447883861452, 79.768476584435746, 104.86686967766171, 130.07891404037426, 132.07572445660634, 163.99766811938963, 212.27132339587638, 239.85941615628181, 26.401216442605325, 42.634711288437778, 78.392494130273022, 107.08735401811447, 134.38695567558742, 159.17526344448692, 185.72147189214499, 184.30169820494004, 238.90342065672246, 16.373280500491493, 53.96630287208729, 76.598981872919026, 104.96839467142547, 112.73842483816762, 157.8011174555067, 185.1573576825588, 213.45105805325264, 239.75596419487735, 24.892496893125518, 42.535416852886534, 79.823891433437055, 88.431865989499855, 110.65373937668632, 159.76928073383633, 153.05764619473459, 211.1603962320288, 241.75487430851695, 26.306510983944221, 52.202882444012261, 78.279136039790771, 93.12138737718071, 131.51982031504792, 158.23660033437397, 186.61447749937136, 210.83370307914075, 239.40306903176287, 25.097088082974025, 51.898153053029361, 78.461655992501093, 105.10847719447598, 108.75264485664157, 155.02246597823, 149.63394738338388, 210.99326397637219, 239.71823391033556, 26.669889364487716, 52.566417706071682, 77.271010264262856, 106.72851330526612, 131.14372452009715, 136.05562408543665, 184.49517027896189, 212.83401940576638, 238.2160757081036, 21.889298685280338, 51.735636314011209, 77.970379823274726, 68.306010092046193, 114.88294032642798, 158.81661262062599, 183.03112400854982, 209.99321616228593, 238.57235294460028, 26.068809800457885, 51.598601828218598, 78.602646408630207, 103.3560903132955, 131.6059821823311, 159.32158967764286, 183.56529726556116, 213.71951473496597, 239.94213467166693, 25.723435073949268, 52.050438073125513, 79.399391756700695, 67.774851647680777, 113.96479644050407, 131.07799741676033, 186.20159140722441, 211.12059089440393, 240.24683424774685, 21.252912546986607, 52.37168407653003, 79.057642748644426, 104.9628102586581, 132.29555800501129, 138.70524004064711, 184.1627045203127, 211.518966275059, 240.49226730065405, 26.280087418746753, 54.101106782799398, 79.348931051570503, 87.894060767479061, 132.62477165359456, 158.00470884271016, 181.45468531255335, 210.99016732913267, 240.39159155504581, 25.537206104560422, 33.692728069058496, 78.191401717826054, 103.35898099090359, 106.28089900770115, 157.12805834232503, 184.92723133366468, 211.49041002345265, 240.15743623716946, 21.8618300506267, 52.201832476709995, 77.134991311629108, 103.38704082620349, 131.61329310595571, 156.71406684922513, 155.51472244519871, 212.06069103817339, 239.66283149589268, 25.508848661128077, 45.030874362376274, 76.99845784796112, 106.67970505913229, 108.81987843735615, 159.63164219613267, 161.75182849590746, 210.83873578434992, 240.66941075554519, 26.263453355204533, 51.880005348350807, 66.552337432974383, 105.40434761669435, 131.37745660487425, 158.66556744884272, 185.41992902378331, 211.51578683254891, 239.39815812488828, 25.799575142861357, 52.592182098838855, 78.203404740784876, 92.092637695983328, 132.02965927964374, 157.8007233900322, 156.35887021866401, 212.63778925782714, 238.98811269036139, 25.823484569407668, 43.059380989037933, 80.130766945198332, 106.15764657893877, 130.35745749010368, 156.71636030876499, 184.21989261486894, 140.09149045046573, 237.89713322096847, 26.512367744655922, 53.983682813551241, 80.602591754789032, 105.31417957224203, 132.2995966560114, 156.51759694219072, 184.25601042451825, 208.77557336837668, 240.89133056281742, 27.576176278328575, 43.535585327759982, 66.354554069224434, 105.11841269706208, 133.34401058803724, 159.45156540898674, 184.40540089590752, 186.98398357455139, 239.58613255779645, 25.799020967381885, 52.748737922398107, 78.123412349061852, 107.30078209906318, 131.0858711555527, 156.27614274709998, 182.93677792046839, 212.67650407375143, 238.77163489957621, 26.962433413679236, 45.810665449685914, 79.009452093998632, 104.70341125758785, 129.91023228953881, 138.85336849117294, 184.94790399749417, 213.17658187293458, 240.89959787107537]
