name of the data-without regularization: sine with k=50 for knn
dat=syn_ph(2000,500)

4 frequency



method = 'adam',
                          pretraining_epochs =200,
                          pretrain_lr = 0.0001,
                          training_epochs = 300,
                          finetune_lr = 0.0001,
                          batch_size = 50,
                          hidden_size = [250,100,50,8],#,10,2],  # 1st lay_unit: 4/3*input_size[400,100,20,3
                          corruption_da = [0.2,0.3, 0.2,0.1,0.1,0.1,0.1],
                          drop = [0.1 ,0., 0.,0.0,0.,0.],
                          dA_initiall = True ,
                          error_known = True ,
                          activ_fun = T.tanh,
                          regu_l1 = 0,
                          regu_l2 = 0)  #T.nnet.sigmoid)








mean_error= [65.913587072365672, 131.07445502800152, 196.75643611585704, 261.96655102427223, 328.09784775487969, 393.52739222729394, 457.84128092913795, 523.83672893001904, 589.27307012748918, 65.142337668045357, 131.66402230235906, 195.99050203653297, 261.6903438038766, 327.63900551228198, 392.64310874381346, 457.57939621363494, 523.74158689122578, 589.5881231912856, 65.766762179497945, 130.61181424259826, 196.55146951872734, 261.81154354591172, 326.5575246404378, 392.78501207259029, 457.89925833588796, 524.03866321855719, 588.52277962027699, 65.558612230573871, 131.18088794475958, 196.12623077906056, 262.19713682010001, 327.54152714382377, 393.75823522673278, 458.08261786868843, 523.84325533676235, 589.26324930859266, 65.739529933247994, 130.57318224950595, 195.96609130699332, 261.28229541027468, 326.87452425937272, 392.08341200249293, 458.17455558287901, 523.03172322512989, 588.94973449134784, 65.186067919742442, 131.30988623248669, 196.23372303374299, 261.88272316892528, 326.58747361241132, 393.53616582116138, 458.44805630288988, 523.06576567574064, 588.71479703802345, 64.914128525797736, 131.6511259373423, 196.70504799419246, 261.35199357909568, 327.09417930686425, 392.63494677779568, 457.75125438729356, 523.48925269780864, 588.9892057046668, 65.44776260771259, 130.8451611611944, 196.87901461045885, 261.84991112459159, 327.45969601573836, 391.92528844274563, 458.18178976681804, 523.71874713235638, 589.21479605244474, 65.487977673074269, 130.40190014312981, 196.01872112041355, 261.25093727139699, 328.35191952468631, 392.07502750743299, 459.09846447036091, 522.86328838667441, 589.13332384571174, 65.558390139410534, 131.05760331899697, 196.22338128111281, 261.61354102984888, 327.63076014780904, 393.02344278575367, 457.43174053715001, 523.2637703386165, 589.0658014666343, 65.514222524101811, 130.62453831674591, 197.43934717716164, 261.68017022535622, 327.06097691830689, 391.45151648252585, 458.68497905900193, 523.25209550149589, 588.88061771842774, 65.568554579948255, 131.28384712781721, 196.43430186823551, 261.59096247940226, 327.26184339428625, 392.50744798242874, 456.89701472153081, 523.7825578881924, 589.29694581982642, 65.236504075231167, 130.84542760428556, 196.48897872036952, 260.57430059572926, 327.98608989472456, 392.74575758190917, 457.72364820055992, 523.14670317421326, 588.91456468341892, 65.475214202775916, 130.28936451733514, 196.52612737734103, 261.92884878398309, 327.41073241976716, 392.94918340292389, 457.5459118250663, 524.1486966385819, 588.83886720795465, 65.237175191563608, 130.83549544310353, 196.32057136575, 263.03831380968063, 326.9120149326294, 392.4570115796185, 458.78603030130444, 522.96609994649293, 589.28446598694495, 65.166781060204059, 131.37424870918244, 197.26206255289341, 262.19760535243842, 326.91383006101279, 392.75781936038084, 458.23964833113121, 523.96704475862828, 588.77249072683765, 65.092389072555633, 130.57446490469513, 197.02095650317119, 262.9753760695574, 326.90150122888889, 393.21797062051638, 458.05870468531225, 523.97027868402176, 589.1706496589303, 65.183323727245508, 132.30023282762926, 196.62280760840389, 262.09303717466929, 327.51580578570753, 392.7736596732808, 459.00614949046798, 523.66819305464537, 589.3909856230523, 65.005708376926108, 131.34216438160954, 196.29855814464131, 260.97595432720379, 327.21713204360822, 393.26245617132497, 457.73063665344444, 523.71373314990035, 588.60750817747169, 65.385245787464683, 130.6653451157724, 196.80185384763547, 260.98922963701108, 327.00143555850957, 392.19276468072542, 458.15398437543911, 522.87059715801058, 587.93276773197022]

sda_error= [43.263830023915283, 85.018560875426886, 128.49960022891625, 172.33187755281611, 214.1525686205016, 259.86484135167603, 307.75638004190563, 365.5614520328844, 468.97903320440804, 41.799670859641374, 85.368800893112535, 129.0061353250525, 169.63962489257977, 216.82030386781139, 260.43288410909446, 305.75516484692076, 361.86163445422238, 468.79782667224094, 42.401802097078559, 84.486414289209463, 126.69850342006625, 170.87434373773743, 214.23340575424771, 258.87699988711125, 306.00923076877939, 362.85121176779813, 460.39996811920093, 42.538239331718685, 85.27970834043164, 128.6567848889116, 171.43112242039584, 214.40517700809548, 258.85745595283464, 306.54866536877182, 364.70498677083918, 466.89608579705964, 42.782862183890231, 84.586994792442127, 126.98069212817616, 170.42096225777007, 215.71554946667194, 259.09336720867441, 307.17591988253736, 364.14110876071032, 462.00018338840727, 41.926975062943548, 85.085627786033186, 126.82043328987986, 169.8791280006314, 212.54106226533838, 259.91544756690467, 306.24615017254632, 364.91075249316401, 470.27337013853349, 41.486664203253007, 85.544982514717759, 127.23378929152391, 170.14813053462095, 213.93317233828645, 259.38899937937504, 306.50612593359853, 362.79405795346656, 467.39005011953151, 41.714852472863257, 86.349758228810387, 126.67829955862946, 170.77399342817395, 213.25673555244356, 259.77321335035225, 306.03598762746384, 365.37007890929044, 457.33416073873332, 42.999999131880287, 84.555433870239682, 126.67159483765958, 172.09727538124613, 215.62802419613308, 258.01633153414019, 309.90511326149579, 361.47331527891072, 459.61523057450194, 42.882436512667958, 85.987501566634279, 128.93157157461533, 170.86954846762262, 213.53229268018652, 258.20433570796786, 306.99414284239612, 362.29120575007272, 464.55482559452975, 42.824582461399672, 84.682580403246078, 129.88043969886903, 171.70609128839757, 213.01723275578416, 260.43084911981407, 307.86450113332342, 361.58231574577121, 460.06667630542876, 43.117236558279949, 85.377177573699569, 128.30490462446554, 170.32342733993278, 213.09125770207498, 258.58387259305266, 306.39904874672777, 360.9390452082356, 463.82480215923948, 41.619749746134602, 84.676026794900565, 127.61239793373898, 169.25044779365984, 213.62024087205421, 259.93914787505531, 305.95355921382702, 363.42592514185395, 466.16239495822464, 41.998635479206577, 84.16390432892473, 127.51672252779163, 170.82153752202089, 214.28895841423554, 260.36491036217603, 306.866475502865, 367.25021636723335, 463.40331506940112, 42.147288643683304, 85.481770172771789, 127.56405961212997, 172.05859381232219, 214.81650917984621, 259.09915306889178, 309.31113481779107, 362.33046883104925, 463.46312763964687, 41.574068064862011, 86.976177285645988, 127.07865946113256, 171.08069298978452, 216.25201343161879, 260.11281795791251, 305.8323978252505, 368.4523625512067, 461.60371894916773, 42.855341743946248, 85.531748843691673, 127.42506298667831, 173.12111916854911, 213.26011038178135, 260.59565615522365, 309.59296014234519, 364.38597512986757, 455.3533542677115, 42.911080900190534, 84.775105236973474, 129.12933945183372, 171.13828218565331, 215.58808825633071, 257.35839591111244, 308.25917602135394, 366.50881073648662, 461.76758094791143, 41.959633286600734, 85.459417156033922, 127.31000838869754, 170.67901439806673, 215.80812036224575, 260.24245486992419, 309.16712618960167, 364.08922782399424, 462.45222904884542, 42.756568884380052, 85.753755808742142, 126.49496142454055, 170.78886139368819, 215.36577277990918, 259.2796722745091, 308.38928271520638, 363.26838599549205, 482.14726137392211]

knn_error= [45.485196940013047, 89.923265661983748, 136.15206498642033, 185.40776665910045, 233.88609692128611, 293.98002721283052, 363.94254498615453, 454.09626767938346, 562.1977029100143, 44.093221917155134, 90.504697689749264, 136.18751369681166, 183.15378346808669, 236.32343747731574, 293.16454391375441, 360.97974038519794, 455.26272541911237, 566.33537491275047, 44.681942855402795, 89.328483797292932, 135.12646261202764, 183.1347387045941, 234.02742460346337, 293.54302518870702, 365.17381373320592, 454.05125521488765, 563.7001219611443, 44.434055266434086, 89.641048991670829, 135.91016300737789, 184.45491172220898, 233.72744366769894, 292.13702182028311, 363.53032287589491, 453.80767932863239, 565.9641019352074, 44.931128558658877, 89.352023166497418, 135.28075380333871, 182.85046700848397, 234.92467609951683, 290.73112092977033, 362.49118865909259, 456.446508895764, 563.83543351657397, 43.747183956349147, 89.675576339198557, 135.60849481794435, 182.11625199217997, 233.19563114151572, 293.38523046852049, 364.65655656412741, 451.76794430889589, 560.74844858445067, 43.576474973480281, 89.907308007104874, 134.44864163194231, 183.15282746209166, 234.5791814535859, 291.17633553909474, 363.59578299309169, 456.17377761990792, 563.45764217244755, 44.069248019840188, 90.702375944899558, 135.06657731765111, 183.7013427593356, 234.0839301042939, 290.99582635410644, 364.21031590191757, 455.32564783289672, 563.57218559458659, 45.215379872163282, 88.987821925128742, 135.01777352295042, 184.54171705833221, 235.21455964948146, 291.56265597475942, 365.38813428421884, 449.57714270092418, 562.748855579576, 44.867531945849841, 90.772308188415664, 136.73525407558179, 183.36144162432916, 232.92342707254895, 292.7982005221557, 362.18817077176124, 453.6916547524101, 563.32660136716231, 45.024947773466813, 88.953936840658187, 137.77337709328759, 184.19220560224926, 233.27790773901586, 290.85502094435498, 364.70778971967536, 453.49244714789012, 563.5133927999766, 45.282495672121783, 90.70946395577819, 136.66323116703751, 184.28681989613153, 233.95487104967421, 290.63529901435015, 361.00951707467976, 454.68586200381242, 561.56290072261913, 43.788349258093234, 89.119678435217168, 135.39082087307375, 181.28451892068585, 234.94018091807771, 291.64544255492899, 363.87261317858372, 455.12273482626711, 562.92837326413849, 44.155485281621402, 88.826547920321104, 135.98651402798919, 183.47225428050311, 233.49870961018553, 294.63588726744973, 363.09227344325859, 456.36658414229515, 565.19647321936338, 44.582491264376095, 90.186784914706507, 135.28132328695071, 184.82104499541293, 234.36004976188943, 291.10551913660515, 362.85881398420059, 451.13037025575903, 563.49431863413986, 43.757500118470773, 91.891484439851268, 134.89816028261836, 183.49665517377684, 235.89060481002269, 294.20152374870827, 364.61704769348495, 458.0453676605577, 560.72199467274504, 45.110298916365352, 90.636832368136893, 135.08526258223074, 184.52715484116754, 232.55332160433724, 293.04826849526626, 367.57442946285596, 458.01648108286651, 559.50763190700741, 44.807861994883666, 89.948009538988174, 137.36278471875386, 184.05956041599768, 236.20000355114024, 290.26972118791446, 365.09661169396003, 456.16216621996978, 562.8510850989835, 44.21979352875325, 90.638700378008522, 135.75295816594024, 182.93511904248749, 235.7620560729786, 294.57262168378389, 361.90321488162209, 455.43932896463429, 565.29089807142179, 45.027897988016711, 90.461431167852155, 135.23740298133433, 183.39442444400274, 234.84880418542292, 291.92489895854692, 363.93834322771727, 453.20363312207616, 563.5854248679733]

sda2_error= [42.319480180510062, 83.489419967263615, 125.28623122788292, 169.84175666774158, 210.89348631865735, 258.86141253261303, 303.74840975242432, 364.56142798899867, 475.99439047554245, 41.246833925976382, 83.918563276218848, 126.93128559991061, 179.03860229551276, 214.34651037740616, 273.03255885202509, 304.1928544905324, 363.41465715349261, 478.41004321386657, 41.914595677169245, 83.308496476631774, 124.08867404132006, 167.40780146656141, 210.03329922116896, 257.55331630311491, 309.0408342002176, 364.221776158051, 473.18435548045892, 41.656458019119498, 88.403407222873028, 134.1049717710053, 169.22304942826074, 211.84342098852434, 256.61803718115726, 305.46985457212412, 361.91953066321878, 470.22289711422781, 41.542382474488598, 83.020993061458213, 125.41346286530083, 168.21481814708559, 212.33547997405861, 255.56005738397005, 304.70851778445217, 366.1327605604684, 464.93550044400871, 43.637459542136355, 83.666864594600611, 125.43443409548595, 167.77625977306218, 210.51974886141622, 256.80536943091414, 307.10814375655895, 368.31031499426098, 498.76946543695419, 40.649940735659818, 83.710776495288044, 124.60495375789931, 167.77345957582557, 225.13659179779032, 256.43397112218645, 324.89447090832886, 368.47030028883995, 478.22466727862957, 44.240719590318704, 84.371560356098399, 124.40661850536813, 167.91628643605014, 211.04542059599612, 257.76568601647801, 306.27598270319453, 377.34309898126446, 464.96613088234966, 41.864810391327083, 87.777080859099371, 133.13476449621615, 169.79189176241448, 212.36393434645922, 274.33760241214225, 307.02231940096351, 364.46210076293789, 467.79024601227769, 42.116312967955494, 84.615699675012479, 135.00526701881074, 167.51443131909116, 211.57513050685023, 272.30389077206763, 305.63134761084291, 362.28274582500075, 469.66057517584341, 44.440268677311181, 83.145149413383749, 132.63455491572003, 168.94325175796891, 226.53053656996343, 289.29603233200532, 304.80216286692041, 361.62142731714283, 470.87084820409638, 42.158131482548612, 83.728218909507049, 134.03770728166037, 167.77432817009921, 210.28605555491805, 273.3711401259726, 305.01176788520985, 362.46445722328514, 469.03255603788392, 40.895316232288167, 82.692750149404787, 125.13972199469691, 167.1964529313158, 225.86073741900663, 257.20807334645991, 305.63285385617542, 365.22081836194593, 472.00009898271207, 44.107510133946036, 88.681637167816589, 126.28967819238304, 168.50059941236606, 210.70552716948544, 258.05704592667195, 304.8157945087658, 366.53735565614761, 470.06949352431451, 41.413919523733, 83.828740306066678, 134.0543300512405, 168.94325425587107, 212.48719397376451, 256.67864036204344, 306.69091484275145, 370.57622591407869, 496.27042577161046, 43.937341054316093, 91.667872693149221, 132.07687882117625, 168.14188154638893, 213.21311999830232, 258.11749763204222, 323.57516260689812, 386.21286245993952, 465.51819398322937, 42.006956142877883, 84.098087578286581, 124.71674044143202, 169.08775071177311, 209.4980881440745, 277.94701984293732, 306.06198147379126, 365.77956131498649, 465.64524126155737, 41.923779883961473, 83.187309568482476, 134.35849313148927, 178.58309351783987, 228.16578281830195, 272.70005275744842, 307.48179478624985, 365.10869289064357, 472.19896792883731, 43.981912985452162, 90.482008127841581, 125.10531221554227, 167.83403653260629, 213.01828716289131, 258.219568455358, 305.79857365557552, 364.18179888846919, 468.75972927001743, 45.098458194259038, 84.484333247578803, 124.22410240722864, 168.14692892792991, 211.98628797866638, 273.98496805346463, 307.88312497924022, 364.40897271102926, 467.15314861933985]
