name of the data-without regularization: sine with k=50 for knn

(2000,500)+   4 frequency

           available_mask = mask,
                          method = 'adam',
                          pretraining_epochs =200,
                          pretrain_lr = 0.0001,
                          training_epochs = 300,
                          finetune_lr = 0.0001,
                          batch_size = 50,
                          hidden_size = [250,100,50,8],#,10,2],  # 1st lay_unit: 4/3*input_size[400,100,20,3
                          corruption_da = [0.2,0.3, 0.2,0.1,0.1,0.1,0.1],
                          drop = [0.1 ,0., 0.,0.0,0.,0.],
                          dA_initiall = True ,
                          error_known = True ,
                          activ_fun = T.tanh,
                          regu_l1 = 0,
                          regu_l2 = 0)


mean_error= [65.800730086951248, 131.00941709561647, 196.39653121695412, 261.79653390501795, 326.96762856857094, 393.73728722834608, 458.92817055333978, 524.18199491250289, 589.60751573080381, 65.266825449541656, 130.67572857918879, 196.32196334961387, 260.81045886925841, 327.33222242123588, 393.00411426856624, 458.83040826163733, 523.43767780254871, 589.55308354069712, 65.239045002572979, 131.07113223975381, 196.59315440103961, 262.06017844167974, 327.38156083287578, 392.78190617238914, 458.4410434924647, 524.59657757422337, 589.37840994555927, 65.546960019430912, 131.30478061318274, 197.21283178791708, 262.63403802849399, 326.81310521225282, 392.436318863319, 457.73328178712632, 523.92114474466621, 589.16510809950069, 65.896430863052615, 130.07582413935211, 196.39459302289254, 260.83186790465686, 326.73365723444891, 393.43155736555917, 457.97174866931641, 523.51892233901174, 589.15740020339013, 65.386777807052837, 130.94761236573507, 196.96859125284095, 262.23482034971209, 326.41242808776371, 393.60716242539286, 457.6719867420299, 523.83674999175571, 589.32968617221877, 65.492122074378798, 131.37857048572249, 196.85868423966335, 261.53678544074404, 327.55319837925441, 392.78680453045877, 458.76291153374228, 523.18648897628589, 589.34947639487075, 65.140649397429016, 131.08246227171878, 196.30706993258164, 261.90723800516622, 327.77456159733413, 392.64213046934583, 457.52188750058576, 523.50028548563387, 588.74224463864027, 65.56169855266532, 130.78968233116001, 195.94439565184649, 261.52898306907383, 328.3527336359133, 392.3596119720155, 459.03996335876434, 523.80343631727908, 589.36068563245681, 65.130662337576226, 131.29750169541703, 196.30220656905979, 262.50459524315124, 327.88634998894599, 392.64644121445042, 458.00017292197782, 523.95776166949497, 589.50675651820814, 65.178135145765097, 131.24239167004205, 196.62726755128739, 260.74839679803182, 326.66766044733367, 393.43887848834959, 458.35164010441207, 523.96332405911596, 588.87033068530684, 65.37685081854849, 131.12327251913047, 195.98266429335447, 261.5478901647586, 327.24889875383104, 392.96646047420325, 458.45258874320285, 523.38101855685727, 590.01978523100468, 65.959224349665163, 130.53095110664054, 196.32780845644243, 262.65574733946914, 327.13255414901107, 392.59508473661253, 458.09047081722429, 524.51349589696156, 589.51442492133901, 65.637626734469393, 131.01457758156133, 195.96584974878368, 261.80460201592149, 326.68664324476521, 392.05558260144858, 459.15392255827902, 524.47252531528329, 589.25496169493715, 65.187146327690357, 130.26373987344348, 196.39568510084308, 262.47043408757065, 328.76435542636557, 393.90682489537971, 458.01163291025824, 523.64265631281705, 589.54854447821481, 65.878713775288574, 131.25882669210699, 196.83773700136493, 261.25674398150198, 328.03610865959956, 393.50587062973705, 457.44076732324226, 523.79834774595849, 588.88648090797642, 65.233145148362382, 131.39346743553281, 195.96187061769311, 262.24766659597395, 326.3987492189429, 393.1398708501614, 457.48342765866465, 522.94026322423247, 589.25831185273319, 65.713250044702562, 130.55365196496069, 196.06271791690284, 261.88575422899908, 326.86210943578516, 394.16504166248529, 457.91853459099855, 523.96111178055787, 589.02282280902307, 64.949744836202768, 131.53001364267308, 196.49427947258678, 261.21204950810062, 327.81175495928318, 393.05634174068655, 458.06329749375828, 524.41028191739463, 589.79175190581941, 65.075484194666473, 130.32158605156087, 196.58714607944975, 262.12885878322442, 327.28767138057901, 392.66008686839291, 458.20176878701875, 523.55399792815365, 589.14758960293841]

sda_error= [43.650975595183901, 85.45592965893546, 127.76309838001652, 172.44218592515691, 214.45227530394601, 260.76192036580505, 308.11381299858738, 367.47901668635427, 470.25540704871702, 42.405836127249586, 85.192894256371588, 127.17768141814032, 172.09177727253245, 216.43315307159034, 260.67343903968413, 312.48055396081077, 363.5667138365709, 474.16653287095437, 42.959130102794148, 84.662750669512135, 129.43058997345449, 173.12886887602647, 217.78326188060203, 260.13983818571296, 309.43366920213936, 373.35343544747457, 469.39722350666079, 42.971243804361002, 85.652870875418813, 127.53231443870519, 176.47587689052824, 214.90203953243065, 261.66904731152755, 309.86973923168279, 366.47915527947771, 469.23789772882139, 42.725137366113522, 85.775147374595178, 128.62016832610078, 171.60017082091198, 213.72981588078162, 261.89368031383384, 307.37890972030215, 366.91238059022106, 466.34310596747076, 42.795656800641716, 84.853337618138369, 129.06287917886041, 172.0962885244094, 214.67035565501982, 263.69928306223096, 309.43639571795887, 367.49361230847086, 461.5773835908069, 42.754667694101329, 84.423213007074537, 129.07890348129951, 172.76542320647241, 216.75375521916786, 261.28803313464243, 307.81741953801082, 363.44982366854964, 489.30126814095456, 42.18814259535386, 85.273014885732451, 128.58640583898753, 171.74465149578907, 217.00696669541495, 262.91631009406211, 308.54149113962148, 368.89059087859198, 465.79340078493294, 42.93513621988135, 84.876434664772532, 127.60755369557006, 170.07886067578693, 215.3011153664784, 260.83571180065883, 310.60623390966083, 367.81645271304728, 460.44849777788954, 42.478081454445039, 85.656003363503629, 128.80795120009429, 173.55530437800525, 217.06120564655322, 260.24750601050334, 307.6804343612439, 365.99859553000846, 461.76223504261202, 42.464534865888197, 85.289203457738111, 128.1046801893269, 172.04246064620315, 216.00410843455822, 261.76748910695335, 309.20546928989353, 366.25204871996436, 465.28781313726796, 42.58000553212554, 85.932823772914162, 128.71618152462059, 170.88152980733409, 215.28107891247083, 260.01923062348283, 306.35508913324446, 366.28675153181786, 465.03206167986792, 43.552567946910948, 85.47357745848656, 128.33785078663664, 171.62910353903399, 215.22531396078546, 262.83504393758921, 310.29624915691022, 371.61214227050391, 474.50392498578685, 42.251303627959025, 85.732876275033433, 126.88840775879271, 171.17945590403102, 214.92415767855462, 260.08624217874319, 308.97486123578, 366.32715454098098, 467.63302621707794, 42.426796667858923, 84.996600637059458, 127.09652771012225, 172.4968822753348, 216.17839987298299, 261.23073987171915, 308.42362311666699, 366.2119413084277, 463.44868881188131, 42.069791928708192, 86.807602075350417, 128.60446086738284, 170.46978247006879, 215.44061620992613, 261.14409367329262, 307.51905973216259, 365.39135553120633, 456.39389478430473, 42.835114905050077, 85.266511559659179, 127.26763080590678, 172.45159967043298, 215.98662095621847, 260.46640225687401, 310.02661717496812, 365.71395542668091, 459.16819338521964, 42.609117480866878, 86.352721760384156, 127.54792728938872, 173.21254883381442, 216.70568985733925, 262.26618076908062, 307.20195853052269, 367.82142377513662, 468.51833091862676, 42.978487002674846, 86.671771218310056, 127.67078471879078, 172.43527475973207, 216.44938889295531, 262.35802533273181, 308.78745401271482, 368.16654363859163, 462.9894928183918, 43.004716246218493, 85.194267539668829, 128.83390824767827, 172.33405135277476, 216.24096722783361, 259.51874737102588, 308.34001448353382, 366.25081931626733, 463.29677030445083]

knn_error= [45.635878642998797, 90.435174936115928, 135.22299365810659, 184.44490843475177, 235.30862034105704, 295.37262104021539, 366.49176332224204, 459.18279640523724, 566.4840304138329, 44.479731438998797, 89.734666552380702, 136.23652772219347, 184.0646110525349, 236.98259517240439, 293.95852832781929, 368.18482271316452, 459.77843305275098, 567.86101760792667, 45.085749342688452, 88.898699852569806, 136.40179095708896, 185.2463114087117, 237.0832774950027, 294.3460801638883, 365.94430998063717, 460.25713569668221, 565.80062598184418, 44.703219154598791, 90.546511862896338, 135.2646209022227, 185.3903413817435, 235.27833996454146, 293.38518713407558, 364.17068656234636, 459.88162504898077, 564.93507234118101, 45.232201564147729, 90.462871503871867, 137.03074005720674, 183.44874687881594, 234.48010678226288, 295.40703867858929, 363.1685197920857, 456.33047686630641, 565.84771558647185, 44.905778793711121, 89.723601421574017, 136.86919487567877, 185.48745402357414, 235.66947124682025, 296.48765956474023, 362.18243444711413, 459.90038376141837, 567.64727377405973, 44.491873174762198, 89.717319429511775, 137.81080491782578, 185.35475621726349, 236.92726748905341, 295.24722077261265, 365.92818638072515, 454.90081245093404, 566.71909586912648, 44.198791606828188, 89.720666818949752, 136.02416569055703, 183.84543569823845, 237.1909444182337, 294.13806610328368, 362.65345269199088, 456.052048205765, 565.47234424117244, 44.53042670078954, 89.749911617211325, 135.28424129643446, 182.58200101386035, 235.5333940111245, 293.81371599659383, 367.49256469232819, 457.37299246653754, 566.53286821803647, 44.608037377272268, 90.568571966547466, 136.45799647704712, 186.06749896716269, 236.63139242224014, 295.22179242349591, 366.62656848944977, 457.25668341333818, 564.96572576250958, 44.299814301250855, 89.835657439098753, 135.40934639170138, 183.87861378118242, 234.61739140911737, 293.57888396554637, 367.66408595976679, 458.88451713815334, 565.19461439650649, 45.251414902934215, 90.643270869295733, 136.49775060662668, 183.04625987558626, 235.81166037027964, 294.46002469972058, 364.693924809328, 458.40651466944234, 567.02414631071895, 45.778764072311724, 90.258654714774295, 135.52504856102846, 184.85749388719753, 234.6748086692414, 295.67632252766526, 364.82859209263142, 455.75323469340054, 564.38028299021153, 44.376829445479601, 90.310514011076123, 134.71164456102753, 182.86405984974618, 233.81540691044313, 293.9376098685172, 366.15199341764423, 458.93124798202217, 563.63040507553933, 44.34211891683595, 89.344476421512624, 134.82102475372233, 185.07811194260776, 236.39240926872918, 294.97576923427113, 365.28858282274064, 454.8902010230845, 566.10814190806036, 44.08928174994972, 91.86491133881789, 136.92089407214152, 183.35689290466456, 235.84656276635542, 294.47732174430212, 365.23489045623779, 457.66478784761051, 567.03295965701977, 44.576804079484155, 89.677190885408308, 135.59522975174556, 185.09783364772346, 234.70145558021844, 293.96414089212567, 367.37536964499384, 459.58671263353921, 563.6192638410572, 44.538127701202214, 90.755590519305315, 135.68674346510358, 184.85296812372232, 236.11025075323175, 296.86224186412238, 364.05146591327519, 458.08724224936816, 567.75075048713916, 44.788137747374492, 91.085830565066061, 135.95140452785824, 183.67539883148936, 236.67615867197671, 295.55951700600099, 365.64227332734708, 458.27464270106043, 566.13968193692267, 45.281745972805908, 89.854640324845022, 136.12160267238062, 184.49875758113859, 235.83276584111169, 293.32704805577117, 365.24153007841829, 456.19402785895034, 568.60831643711697]

sda2_error= [42.669168583249864, 83.909130586689287, 134.33871046901314, 182.24883958652777, 211.83644780935916, 258.37795780925148, 315.98901124836578, 367.5646323572995, 504.0834580506646, 41.552780904804628, 88.874545589911108, 125.77288984857201, 180.13399174333205, 214.13872955062695, 258.83861067408543, 307.95699867141661, 365.20212428724147, 471.86641228334224, 42.144228440839235, 88.701989445193462, 126.85464211965264, 181.72078807946752, 213.72271109869806, 259.19874500316519, 327.23562593126206, 368.61471813167583, 471.35069183430926, 41.803973876883681, 89.804740934509724, 125.73091455443573, 184.33790332869816, 212.84943027615984, 272.99935965791474, 330.46907986303034, 367.83660092205798, 477.30339180644086, 41.792456387005259, 83.857010806856209, 126.87851724587476, 189.58538302860063, 213.08591511039216, 259.82665301179804, 308.82060293466947, 365.17903207443572, 472.60921308763966, 41.888985523907053, 89.424184003465925, 127.42643841347075, 169.82927889043285, 211.98179676219465, 261.1391289082452, 305.73135727872483, 362.66346216194756, 475.87599274581925, 44.219962856008806, 82.812509280231282, 127.35297892095299, 169.74794463281458, 213.61781347389817, 259.02742546150205, 306.56640750707578, 364.03190084405651, 471.3771339266097, 41.389216562611779, 89.666992867901797, 135.49477721167975, 169.25744298391714, 214.70024028915685, 257.84693301114686, 309.93108787005582, 366.94688446543017, 467.7746760635772, 41.980161907006043, 83.414768708587616, 135.13611214480542, 168.0682826313224, 212.68778459454458, 276.0361692710992, 308.40285877326352, 368.50550031624027, 467.79169777861227, 41.697999878285039, 83.97548772003411, 136.85605434800596, 182.45855534929021, 226.58119523466931, 289.87301248437689, 308.3733359368041, 364.55940385273135, 467.58707925205368, 41.596228113308214, 90.63090103920193, 125.39976257701852, 168.89014595842201, 213.57110358190425, 261.09009572962299, 307.80547660939772, 364.92434740808994, 471.09910471057628, 41.81931777336036, 84.144241743404805, 134.31936680928698, 181.94364771691201, 213.40243084023456, 277.96109350260315, 305.49255058421699, 366.13395095773171, 468.04177055707305, 45.300401119047656, 83.961197876336882, 134.20577354510061, 169.21321654630862, 212.6081413238656, 259.90552089550994, 309.58404990889852, 371.37627497906703, 472.13126281621817, 41.29940192860591, 89.140734622179735, 131.0709139233434, 168.28104034209929, 211.06041223682485, 259.98789449388323, 307.22006625093456, 366.32382537341283, 468.19478891731967, 41.344206341716784, 89.180673659771273, 124.11149644254246, 170.08346509593713, 212.56227775489415, 259.2572318990114, 309.82664863886413, 364.21787988014859, 469.01760021174465, 41.162132212496282, 85.214234670981426, 126.29242852145961, 180.27599193606932, 212.4550760448241, 259.86449179604233, 307.38135082796663, 366.91241599665557, 535.67168084935736, 45.015343831446707, 83.923234080400618, 133.25462771752279, 182.77962169588173, 225.4996294009479, 276.93864553365148, 308.0366044266338, 368.07599467142353, 465.25917018488821, 44.440634350686814, 84.678358846124908, 135.08581951473187, 179.73622071407658, 213.95538268216859, 260.80064421025867, 318.7756272751634, 369.80128478105587, 476.10464014686136, 42.105090402637813, 90.748501830050031, 125.78173185722484, 181.1827628135126, 213.32860112618823, 258.26699807278732, 307.41409689580325, 366.62050857155521, 473.04012074720612, 45.670727789527625, 83.336937932983346, 136.55176857854894, 169.74354116617579, 212.05912780305519, 257.81265825017471, 307.39881448765254, 363.88125351418103, 467.50721151519303]
